# SLHA for RPV gluino-stop simplified model
#   Generated by 04-OurIsolation.cc

BLOCK MODSEL
   1   0   mssm
BLOCK MASS
#  set these to be massless, fill in mass in my code
   1000021   0.00000000E+02
   1000006   0.00000000E+02
#
        25   1.00000000E+09
        35   1.00000000E+09
        36   1.00000000E+09
        37   1.00000000E+09
   1000001   1.00000000E+09
   2000001   1.00000000E+09
   1000002   1.00000000E+09
   2000002   1.00000000E+09
   1000003   1.00000000E+09
   2000003   1.00000000E+09
   1000004   1.00000000E+09
   2000004   1.00000000E+09
   1000005   1.00000000E+09
   2000005   1.00000000E+09
   2000006   1.00000000E+09
   1000011   1.00000000E+09
   2000011   1.00000000E+09
   1000012   1.00000000E+09
   1000013   1.00000000E+09
   2000013   1.00000000E+09
   1000014   1.00000000E+09
   1000015   1.00000000E+09
   2000015   1.00000000E+09
   1000016   1.00000000E+09
   1000022   1.00000000E+09
   1000023   1.00000000E+09
   1000025   1.00000000E+09
   1000035   1.00000000E+09
   1000024   1.00000000E+09
   1000037   1.00000000E+09
#
   DECAY   1000021   1.00000000E+00
      0.5   2    6   -1000006
      0.5   2    -6   1000006
   DECAY   1000006   1.00000000E+00
      1.0   2    -5   -3